              precision    recall  f1-score   support

           0       0.71      0.72      0.72       324
           1       0.65      0.73      0.69       134
           2       0.73      0.69      0.71       316
           3       0.71      0.76      0.73       172
           4       0.74      0.70      0.72       181
           5       0.73      0.73      0.73       233
           6       0.73      0.67      0.70       206
           7       0.71      0.73      0.72       336
           8       0.72      0.72      0.72       239
           9       0.67      0.65      0.66       283
          10       0.69      0.69      0.69       208
          11       0.79      0.68      0.73       136
          12       0.64      0.66      0.65       155
          13       0.76      0.73      0.74       223
          14       0.60      0.74      0.66       131
          15       0.74      0.74      0.74       167
          16       0.77      0.79      0.78       232
          17       0.71      0.66      0.68       158
          18       0.72      0.69      0.70       345
          19       0.75      0.75      0.75       142
          20       0.68      0.72      0.70       151
          21       0.77      0.73      0.75       293
          22       0.68      0.74      0.71       178
          23       0.74      0.74      0.74       325
          24       0.66      0.70      0.68       311
          25       0.68      0.77      0.72       249
          26       0.72      0.73      0.72       240
          27       0.71      0.70      0.71       267
          28       0.79      0.74      0.77       155
          29       0.68      0.67      0.67       245
          30       0.69      0.63      0.66       203
          31       0.72      0.70      0.71       253
          32       0.67      0.67      0.67       200
          33       0.74      0.71      0.73       157
          34       0.68      0.75      0.72       211
          35       0.68      0.68      0.68       300
          36       0.70      0.68      0.69       246
          37       0.88      0.83      0.85       128
          38       0.74      0.71      0.72       245
          39       0.71      0.64      0.67       143
          40       0.79      0.76      0.78       164
          41       0.80      0.65      0.72       149
          42       0.74      0.71      0.73       131
          43       0.61      0.66      0.63       134
          44       0.79      0.73      0.76       154
          45       0.74      0.70      0.72       120
          46       0.73      0.69      0.71       220
          47       0.75      0.78      0.76       173
          48       0.74      0.75      0.75       356
          49       0.68      0.66      0.67       122
          50       0.66      0.74      0.70       151
          51       0.83      0.90      0.86       158
          52       0.79      0.86      0.82       337
          53       0.73      0.74      0.74       208
          54       0.65      0.74      0.69       133
          55       0.78      0.70      0.74       267
          56       0.61      0.75      0.67       121
          57       0.75      0.74      0.75       207
          58       0.77      0.74      0.75       208
          59       0.76      0.69      0.73       130
          60       0.63      0.64      0.64       253
          61       0.76      0.71      0.73       197
          62       0.66      0.70      0.68       230
          63       0.67      0.70      0.69       382
          64       0.68      0.72      0.70       246
          65       0.77      0.73      0.75       187
          66       0.73      0.66      0.70       142
          67       0.72      0.74      0.73       227
          68       0.66      0.69      0.67       143
          69       0.69      0.72      0.70       268
          70       0.68      0.68      0.68       259
          71       0.83      0.74      0.78       208
          72       0.62      0.72      0.67       120
          73       0.70      0.67      0.69       238
          74       0.73      0.89      0.80       129
          75       0.76      0.68      0.72       330
          76       0.75      0.70      0.72       191
          77       0.69      0.69      0.69       276
          78       0.73      0.77      0.75       322
          79       0.74      0.68      0.71       202
          80       0.76      0.70      0.73       188
          81       0.75      0.67      0.71       145
          82       0.68      0.72      0.70       167
          83       0.72      0.75      0.74       256
          84       0.65      0.68      0.66       327
          85       0.80      0.78      0.79       130
          86       0.71      0.70      0.71       372
          87       0.77      0.72      0.75       208
          88       0.68      0.64      0.66       183
          89       0.66      0.74      0.70       185
          90       0.74      0.71      0.73       209
          91       0.71      0.72      0.71       262
          92       0.73      0.71      0.72       132
          93       0.72      0.71      0.71       191
          94       0.69      0.73      0.71       262
          95       0.65      0.70      0.67       152
          96       0.74      0.74      0.74       140
          97       0.69      0.70      0.70       285
          98       0.71      0.73      0.72       179
          99       0.70      0.65      0.67       231

    accuracy                           0.71     21218
   macro avg       0.72      0.72      0.72     21218
weighted avg       0.72      0.71      0.71     21218
